%YAML 1.2
---

step: 0.01

##--------------
##  NEURONS   ||
##--------------
VPd: 
  a: 0.02
  b: 0.25
  c: -65.0
  d: 2
  threshold: 30.0
#LTS

DP:
  a: 0.1
  b: 0.26
  c: -65.0
  d: 2
  threshold: 30.0
#Regular frequency spiking

PCN:
  a: 0.02
  b: 0.2
  c: -65.0
  d: 8
  threshold: 30.0
#Regular Spiking

CN:
  a: 0.02
  b: 0.25
  c: -65.0
  d: 6
  threshold: 30.0
#Phasic spiking

##---------------
##  SYNAPSES   ||
##---------------
VPd_DP:
  alpha: 0.537866
  beta: 0.0052969
  gsyn: -0.165774
  max_release_time: 177.288
  threshold: 0
  esyn: -80
  T: 1.0
VPd_PCN:
  alpha: 5.94833
  beta: 0.00129492
  gsyn: -0.307652
  max_release_time: 167.175
  threshold: 0
  esyn: -80
  T: 1.0
DP_CN:
  alpha: 5.98168
  beta: 0.120037
  gsyn: 0.238086
  max_release_time: 9.51458
  threshold: 0
  esyn: -80
  T: 1.0
PCN_CN:
  alpha: 5.02672
  beta: 0.218571
  gsyn: 0.199753
  max_release_time: 84.4537
  threshold: 0
  esyn: -80
  T: 1.0
CN_VPd:
  alpha: 4.43346
  beta: 0.0137051
  gsyn: 0.647143
  max_release_time: 428.988
  threshold: 0
  esyn: -80
  T: 1.0
#Score: 0.131577


##----------------
##  SIMULATION   ||
##----------------
scal_test:
  simulation: [520,     160,     520]
  VPd_in:     [-0.5,    -0.5,     -0.5]
  DP_in:      [1.7,     1.7,    1.7]
  PCN_in:     [6.5,     14,     6.5]

acc_test:
  simulation: [800,    400,    800]
  VPd_in:     [-0.5,   -0.5,   -0.5]
  DP_in:      [1.7,    4,    1.7]
  PCN_in:     [6.5,    6.5,    6.5] 

rasp_test:
  simulation: [500,    80,     250,     500]
  VPd_in:     [-0.5,   -0.5,   -0.5,    -0.5]
  DP_in:      [1.7,    4.5,    4,     1.7]
  PCN_in:     [6.5,    15,     7,     6.5]

cess_test:
  simulation: [250,    400,     350]
  VPd_in:     [-0.5,   8,      -0.5]
  DP_in:      [1.7,    1.7,    1.7]
  PCN_in:     [6.5,    6.5,      6.5]

##-----------------
##  TARGET SPIs   ||
##-----------------

targets:
  scallop: [[100,100,11,39,42,47,48,62,90],
            [100,100,102,82,24,31,47,63,75,69,71],
            [100,100,136,110,55,83,124,108,114],
            [100,100,136,48,63,95,148,132,143]]
  acceleration: [[73,72,83,76,36,33,34,39,39,54,90,118],
                 [173,159,105,36,28,26,24,23,23,23,23,23,27,34,38,48,65,80,100,103],
                 [74,58,25,20,18,19,19,19,19,20,22,24,26,29,32,35,37,67,78]]
  rasp: [[146,192,138,45,39,32,41,40,65,79,89,102,113,127],
         [59,74,24,28,25,26,28,30,32,35,36,37,44,60,73],
         [74,24,28,25,26,28,30,32,35,36,37,44,49,63]]
  cessation: [[50,334,101,52],
              [63,323,82,65],
              [45,267,70]]
